1.4000   0.000
1.8000   0.0000
2.0000   0.1354
2.2000   0.3964
2.4000   0.8420
2.6000   1.5464
2.8000   2.6000
2.8000   2.6000
2.8046   3.0986
2.8091   3.5971
2.8137   4.0957
2.8183   4.5943
2.8229   5.0929
2.8274   5.5914
2.8320   6.0900
2.8366   6.5886
2.8411   7.0871
2.8457   7.5857
2.8503   8.0843
2.8549   8.5829
2.8594   9.0814
2.8640   9.5800
2.8686   10.0786
2.8731   10.5771
2.8777   11.0757
2.8823   11.5743
2.8869   12.0729
2.8914   12.5714
2.8960   13.0700
2.9006   13.5686
2.9051   14.0671
2.9097   14.5657
2.9143   15.0643
2.9189   15.5629
2.9234   16.0614
2.9280   16.5600
2.9326   17.0586
2.9371   17.5571
2.9417   18.0557
2.9463   18.5543
2.9509   19.0529
2.9554   19.5514
2.9600   20.0500
2.9646   20.5486
2.9691   21.0471
2.9737   21.5457
2.9783   22.0443
2.9829   22.5429
2.9874   23.0414
2.9920   23.5400
2.9966   24.0386
3.0011   24.5371
3.0057   25.0357
3.0103   25.5343
3.0149   26.0329
3.0194   26.5314
3.0240   27.0300
3.0286   27.5286
3.0331   28.0271
3.0377   28.5257
3.0423   29.0243
3.0469   29.5229
3.0514   30.0214
3.0560   30.5200
3.0606   31.0186
3.0651   31.5171
3.0697   32.0157
3.0743   32.5143
3.0789   33.0129
3.0834   33.5114
3.0880   34.0100
3.0926   34.5086
3.0971   35.0071
3.1017   35.5057
3.1063   36.0043
3.1109   36.5029
3.1154   37.0014
3.1200   37.5000
3.0788   37.7000  
2.9416   37.9000
2.6800   38.1000
2.2594   38.3000
1.6380   38.5000
0.7651   38.7000
-0.4200  38.9000
-0.9222  38.8944
-1.4244  38.8889
-1.9267  38.8833
-2.4289  38.8778
-2.9311  38.8722
-3.4333  38.8667
-3.9356  38.8611
-4.4378  38.8556
-4.9400  38.8500
-5.4422  38.8444
-5.9444  38.8389
-6.4467  38.8333
-6.9489  38.8278
-7.4511  38.8222
-7.9533  38.8167
-8.4556  38.8111
-8.9578  38.8056
-9.4600  38.8000
-9.9622  38.7944
-10.4644 38.7889
-10.9667 38.7833
-11.4689 38.7778
-11.9711 38.7722
-12.4733 38.7667
-12.9756 38.7611
-13.4778 38.7556
-13.9800 38.7500
-14.4822 38.7444
-14.9844 38.7389
-15.4867 38.7333
-15.9889 38.7278
-16.4911 38.7222
-16.9933 38.7167
-17.4956 38.7111
-17.9978 38.7056
-18.5000 38.7000
-18.7143 38.5683
-18.9286 38.3180
-19.1429 37.9413
-19.3571 37.4297
-19.5714 36.7749
-19.7857 35.9680
-20.0000 35.0000
