  1.00000000   1.28740000
  1.67050000   2.05370000
  2.43680000   2.82000000
  2.81540000   2.81090000
  2.80630000   2.80170000
  2.79710000   2.79260000
  2.78800000   2.78340000
  2.77890000   2.77430000
  2.76970000   2.76510000
  2.76060000   2.75600000
  2.75140000   2.74690000
  2.74230000   2.73770000
  2.73310000   2.72860000
  2.72400000   2.71940000
  2.71490000   2.71030000
  2.70570000   2.70110000
  2.69660000   2.69200000
  2.68740000   2.68290000
  2.67830000   2.67370000
  2.66910000   2.66460000
  2.66000000   2.65540000
  2.65090000   2.64630000
  2.64170000   2.63710000
  2.63260000   2.62800000
  2.62340000   2.61890000
  2.61430000   2.60970000
  2.60510000   2.60060000
  2.59600000   2.59140000
  2.58690000   2.58230000
  2.57770000   2.57310000
  2.56860000   2.56400000
  2.55940000   2.55490000
  2.55030000   2.54570000
  2.54110000   2.53660000
  2.53200000   2.52740000
  2.52290000   2.51830000
  2.51370000   2.50910000
  2.50460000   2.50000000
  2.34390000   2.08890000
  1.71150000   1.18370000
  0.47270000  -0.46000000
 -0.95830000  -1.45670000
 -1.95500000  -2.45330000
 -2.95170000  -3.45000000
 -3.94830000  -4.44670000
 -4.94500000  -5.44330000
 -5.94170000  -6.44000000
 -6.93830000  -7.43670000
 -7.93500000  -8.43330000
 -8.93170000  -9.43000000
 -9.92830000 -10.42670000
-10.92500000 -11.42330000
-11.92170000 -12.42000000
-12.91830000 -13.41670000
-13.91500000 -14.41330000
-14.91170000 -15.41000000
-15.90830000 -16.40670000
-16.90500000 -17.40330000
-17.90170000 -18.40000000
-18.76000000 -19.12000000
-19.48000000 -19.84000000
-20.20000000 -20.15330000
-20.10670000 -20.06000000
-20.01330000 -19.96670000
-19.92000000 -19.87330000
-19.82670000 -19.78000000
-19.73330000 -19.68670000
-19.64000000 -19.59330000
-19.54670000 -19.50000000
-19.45330000 -19.40670000
-19.36000000 -19.31330000
-19.26670000 -19.22000000
-19.17330000 -19.12670000
-19.08000000 -19.03330000
-18.98670000 -18.94000000
-18.89330000 -18.84670000
-18.80000000   0.00000000
  0.13840000   0.41900000
  0.80950000   1.30980000
  1.92000000   2.42830000
  2.93660000   3.44490000
  3.95310000   4.46140000
  4.96970000   5.47800000
  5.98630000   6.49460000
  7.00290000   7.51110000
  8.01940000   8.52770000
  9.03600000   9.54430000
 10.05260000  10.56090000
 11.06910000  11.57740000
 12.08570000  12.59400000
 13.10230000  13.61060000
 14.11890000  14.62710000
 15.13540000  15.64370000
 16.15200000  16.66030000
 17.16860000  17.67690000
 18.18510000  18.69340000
 19.20170000  19.71000000
 20.21830000  20.72660000
 21.23490000  21.74310000
 22.25140000  22.75970000
 23.26800000  23.77630000
 24.28460000  24.79290000
 25.30110000  25.80940000
 26.31770000  26.82600000
 27.33430000  27.84260000
 28.35090000  28.85910000
 29.36740000  29.87570000
 30.38400000  30.89230000
 31.40060000  31.90890000
 32.41710000  32.92540000
 33.43370000  33.94200000
 34.45030000  34.95860000
 35.46690000  35.97510000
 36.48340000  36.99170000
 37.50000000  37.76670000
 38.03330000  38.30000000
 38.56670000  38.83330000
 39.10000000  39.06670000
 39.03330000  39.00000000
 38.96670000  38.93330000
 38.90000000  38.86670000
 38.83330000  38.80000000
 38.76670000  38.73330000
 38.70000000  38.66670000
 38.63330000  38.60000000
 38.56670000  38.53330000
 38.50000000  38.46670000
 38.43330000  38.40000000
 38.36670000  38.33330000
 38.30000000  38.26670000
 38.23330000  38.20000000
 38.16670000  38.13330000
 38.10000000  38.06670000
 38.03330000  38.00000000
 37.96670000  37.93330000
 37.90000000  37.69360000
 37.38420000  36.96790000
 36.44110000  35.80000000
 35.29000000  34.78000000
 34.27000000  33.76000000
 33.25000000  32.74000000
 32.23000000  31.72000000
 31.21000000  30.70000000
 30.19000000  29.68000000
 29.17000000  28.66000000
 28.15000000  27.64000000
 27.13000000  26.62000000
 26.11000000  25.60000000
 25.09000000  24.58000000
 24.07000000  23.56000000
 23.05000000  22.54000000
 22.03000000  21.52000000
 21.01000000  20.50000000
