1.0000         0    
1.2874    0.1384   
1.6705    0.4190
2.0537    0.8095
2.4368    1.3098
2.8200    1.9200
2.8154    2.4283
2.8109    2.9366
2.8063    3.4449   
2.8017    3.9531 
2.7971    4.4614
2.7926    4.9697
2.7880    5.4780
2.7834    5.9863
2.7789    6.4946
2.7743    7.0029
2.7697    7.5111
2.7651    8.0194
2.7606    8.5277
2.7560    9.0360
2.7514    9.5443
2.7469   10.0526   
2.7423   10.5609  
2.7377   11.0691
2.7331   11.5774
2.7286   12.0857
2.7240   12.5940
2.7194   13.1023
2.7149   13.6106
2.7103   14.1189
2.7057   14.6271
2.7011   15.1354
2.6966   15.6437
2.6920   16.1520
2.6874   16.6603
2.6829   17.1686
2.6783   17.6769
2.6737   18.1851
2.6691   18.6934
2.6646   19.2017
2.6600   19.710
2.6554   20.2183
2.6509   20.7266
2.6463   21.2349
2.6417   21.7431
2.6371   22.2514  
2.6326   22.7597
2.6280   23.2680
2.6234   23.7763
2.6189   24.2846
2.6143   24.7929
2.6097   25.3011
2.6051   25.8094
2.6006   26.3177
2.5960   26.8260
2.5914   27.3343
2.5869   27.8426
2.5823   28.3509
2.5777   28.8591
2.5731   29.3674
2.5686   29.8757
2.5640   30.3840
2.5594   30.8923
2.5549   31.4006
2.5503   31.9089
2.5457   32.4171
2.5411   32.9254
2.5366   33.4337
2.5320   33.9420
2.5274   34.4503
2.5229   34.9586
2.5183   35.4669
2.5137   35.9751
2.5091   36.4834
2.5046   36.9917
2.5000   37.5000
2.3439   37.7667
2.0889   38.0333
1.7115   38.3000
1.1837   38.5667
0.4727   38.8333
-0.4600   39.100
-0.9583   39.0667
-1.4567   39.0333
-1.9550   39.0000
-2.4533   38.9667
-2.9517   38.9333
-3.4500   38.9000
-3.9483   38.866
-4.4467   38.833
-4.9450   38.800
-5.4433   38.766
-5.9417   38.733
-6.4400   38.700
-6.9383   38.666
-7.4367   38.633
-7.9350   38.6000
-8.4333   38.5667
-8.9317   38.5333   
-9.4300   38.5000   
-9.9283   38.4667  
-10.4267   38.4333  
-10.9250   38.4000  
-11.4233   38.3667  
-11.9217   38.3333  
-12.4200   38.3000  
-12.9183   38.2667  
-13.4167   38.2333  
-13.9150   38.200
-14.4133   38.16
-14.9117   38.1333
-15.4100   38.1000
-15.9083   38.0667
-16.4067   38.0333
-16.9050   38.0000
-17.4033   37.9667
-17.9017   37.9333
-18.4000   37.9000  
-18.7600   37.6936  
-19.1200   37.3842  
-19.4800   36.9679  
-19.8400   36.4411  
-20.2000   35.8000
-20.1533   35.2900  
-20.1067   34.7800  
-20.0600   34.2700  
-20.0133   33.7600  
-19.9667   33.2500  
-19.9200   32.7400  
-19.8733   32.2300  
-19.8267   31.7200  
-19.7800   31.2100  
-19.7333   30.7000  
-19.6867   30.1900  
-19.6400   29.6800  
-19.5933   29.1700  
-19.5467   28.6600  
-19.5000   28.1500  
-19.4533   27.6400  
-19.4067   27.1300  
-19.3600   26.6200  
-19.3133   26.1100  
-19.2667   25.6000  
-19.2200   25.0900  
-19.1733   24.5800  
-19.1267   24.0700  
-19.0800   23.5600 
-19.0333   23.0500  
-18.9867   22.5400  
-18.9400   22.0300  
-18.8933   21.5200  
-18.8467   21.0100   
-18.8      20.5
