1.9556479454 -0.00397270126268
2.957000494 -0.0378027297556
3.95096325874 -0.0156814660877
5.0384850502 0.00505315419286
6.26617336273 -0.0213824771345
7.58073186874 0.61584097147
7.3811583519 1.84152460098
6.48538064957 2.70688343048
5.62282800674 3.39806556702
4.88217592239 4.14471292496
4.08370923996 5.01541662216
3.21874690056 5.95693635941
2.31529855728 6.80268239975
1.45439887047 7.64849758148
0.411320656538 8.63953876495
-0.531335890293 9.31362438202
-1.70061719418 8.75999069214
-2.64938545227 7.52570104599
-4.01588582993 6.18333435059
-5.35259151459 5.05153799057
-6.77060413361 3.75717711449
-8.03538513184 1.87520205975
-7.48827075958 0.0858279019594
-5.65295314789 -0.140002727509
-3.33282446861 -0.118053950369
-1.48679482937 -0.0444969534874
-0.108471445739 -0.0309331826866
