0.964222967625 0.0385443456471
2.02037072182 0.00614417064935
2.99059915543 -0.0391866229475
3.97456812859 -0.0226108208299
5.01062297821 0.0153418630362
5.65086746216 -0.0228375550359
6.25020360947 0.0202283188701
6.84594345093 0.072796151042
7.29491949081 0.56681317091
7.35061073303 1.22281479836
7.23187112808 1.7346714735
6.71242952347 2.26040220261
6.28067445755 2.72029876709
5.70361232758 3.24171066284
5.10974502563 3.74661016464
4.47016763687 4.4102807045
3.9213411808 4.90617370605
3.53621792793 5.3954076767
2.9452624321 5.95582008362
2.53705239296 6.48666954041
2.09142947197 7.0743689537
1.74545705318 7.51129722595
1.42408847809 7.8661570549
1.13414680958 8.16984081268
0.874276638031 8.34260368347
0.748860895634 8.61082172394
0.439166754484 8.90691947937
0.143439054489 9.1561164856
-0.199120625854 9.13752937317
-0.555272996426 9.07084560394
-1.06088292599 8.86065483093
-1.52096557617 8.50952148438
-2.12506246567 8.00861549377
-2.4439907074 7.55164384842
-2.95441412926 6.97660446167
-3.29481291771 6.6284327507
-3.6465511322 6.26914691925
-4.18295145035 5.90612411499
-4.73699092865 5.37566566467
-5.24005460739 4.8876543045
-5.78212499619 4.34619665146
-6.2970290184 3.99673485756
-6.80734062195 3.56991124153
-7.15794706345 2.99129700661
-7.20274162292 2.23075127602
-6.79017734528 1.34282267094
-6.25477075577 0.594693243504
-5.33528757095 0.0209627486765
-4.36294794083 -0.245337277651
-2.7599093914 -1.15347123146
-1.55079674721 -2.21123313904
