1.36930751801 -0.578168332577
2.24077773094 -0.370350956917
2.57888031006 0.764011859894
2.79707717896 2.00189256668
2.73442983627 3.47303152084
2.7058634758 4.89534759521
2.70498895645 6.4679942131
2.78335309029 8.38514137268
2.89394283295 10.0474920273
3.00472617149 11.6698389053
3.15725469589 14.1887588501
3.1263320446 17.5089206696
3.14009451866 19.9648609161
3.23448133469 22.4760303497
3.2689871788 24.7653961182
3.3361313343 27.333688736
3.32086992264 30.1403961182
3.33328795433 32.817943573
3.40155696869 35.1661872864
3.47575354576 36.4837799072
3.52198433876 37.9475784302
2.70674991608 38.8882217407
1.57196509838 39.064201355
-0.290654152632 39.0291481018
-2.44913887978 38.8511772156
-4.68984699249 38.7659797668
-7.30359649658 38.9092483521
-9.49100017548 38.8697547913
-12.5693817139 38.8847198486
-14.8415575027 38.896396637
-16.7671489716 38.8873023987
-18.3890304565 39.0693283081
-19.7483386993 38.4204139709
-19.9057826996 36.8235969543
-19.8006343842 35.0843429565
-19.3896942139 32.9302330017
-19.3786754608 30.856294632
-19.3865604401 28.4196968079
-19.4147434235 25.8466472626
-19.7798519135 24.8639545441
-19.8062667847 23.0066719055
-19.8906707764 21.038476944
-19.9803981781 19.8093013763
-19.0540237427 19.2190952301
-17.5582504272 19.3866004944
-16.5103988647 19.4658851624
-15.9838943481 18.2255859375
-15.9600191116 16.3272323608
-16.2588691711 13.8749675751
-16.5508155823 12.6225214005
-16.3467578888 11.1568565369
-14.8522701263 9.6599779129
-12.8730726242 7.90766382217
-10.9764823914 5.90515613556
-8.94808578491 4.04415464401
-7.79751300812 3.44307565689
-7.27227878571 1.89283037186
-6.49193620682 -0.00671568280086
-4.42982959747 0.0114987613633
