0.967391371727 -0.0363644883037
2.00838208199 0.0254154000431
2.9825117588 -0.0213325098157
3.9893155098 0.00962724722922
4.96330118179 -0.0124896168709
6.17474603653 0.353824347258
7.20155382156 0.958316385746
7.08705472946 2.28825736046
6.54703140259 2.94260764122
6.03223848343 3.46266722679
5.43390035629 4.03312206268
4.71726512909 4.71143341064
3.99184203148 5.52594184875
3.09947896004 6.32824373245
2.10490560532 7.32961511612
1.13282179832 7.89243602753
0.182444348931 8.57641506195
-0.922094702721 8.71521854401
-2.14204335213 8.44021320343
-3.36753797531 7.66107702255
-4.47065877914 6.55141735077
-5.44876289368 5.44135570526
-6.62072753906 4.09342002869
-7.5818066597 2.65318655968
-7.65695858002 0.868915200233
-6.45716953278 0.215887129307
-4.46277236938 -0.199765309691
-3.11928963661 -0.0267595089972
-2.00432157516 -0.0507456809282
-1.00916707516 -0.0337149463594
-0.00580091495067 -0.057246889919
