1.52979385853 -0.0560960955918
2.07699894905 0.0431505814195
3.04469776154 -0.00288752955385
3.93858647346 0.0382883697748
4.93104934692 0.0225801840425
6.83819198608 -0.432377457619
7.39985322952 -0.147371739149
7.6307964325 1.50269532204
6.66736030579 2.77214050293
4.79287481308 4.43133163452
3.08905935287 6.14037084579
1.37562811375 7.72215175629
0.211995407939 8.99161148071
-0.972261071205 8.72159194946
-1.95605778694 7.96024656296
-3.27887678146 6.59684514999
-4.59517431259 5.33729362488
-6.10404014587 4.1355047226
-6.74575662613 2.96676230431
-6.67402505875 1.78980076313
-6.02797603607 0.2618676126
-4.90188741684 -0.40261977911
-3.21728873253 0.104073435068
-1.65795838833 -0.0231562051922
-0.837636590004 -0.0886829271913
0.0416539162397 0.0170550327748
