0.944566249847 0.0024240873754
1.92506611347 -0.0220563448966
2.9825117588 -0.0213325098157
3.98241996765 -0.0399441048503
4.99966526031 0.0321156680584
6.2683839798 0.189229756594
7.64796543121 1.05761814117
6.96051073074 2.09236884117
6.12611484528 2.98411226273
5.02762317657 4.00443220139
3.69923901558 4.89628171921
2.90592002869 5.64332580566
1.63527989388 5.93216705322
1.24008309841 7.11565208435
2.26998615265 7.81468582153
3.10213470459 6.97510385513
3.85177135468 6.07786989212
4.54384040833 4.94708776474
5.38415718079 3.88535284996
6.24357128143 3.04376196861
7.30127859116 2.14645266533
